CD274_19_238	CDH17_23_787	0.289	38	26	1	77	113	379	416	4.171E-01	18
FAT2_19_4048	CDH17_23_787	0.262	755	453	35	2813	3501	24	740	1.405E-48	177
PCDH19_22_678	CDH17_23_787	0.273	465	292	16	144	590	37	473	5.246E-33	123
PCDHB7_27_688	CDH17_23_787	0.269	483	305	17	168	624	56	516	4.738E-29	111
TNFSF15_57_251	CDH17_23_787	0.232	56	33	3	120	170	207	257	6.491E-02	21
FGFR1_22_376	CDH17_23_787	0.266	30	22	0	223	252	414	443	5.452E-01	19
PCDH20_61_890	CDH17_23_787	0.241	583	361	20	207	744	51	597	6.121E-25	98
PCDHB8_30_691	CDH17_23_787	0.270	480	308	18	166	622	56	516	9.792E-26	100
TSPAN5_39_61	CDH17_23_787	0.444	9	5	0	12	20	188	196	4.307E-02	16
PCDH9_24_814	CDH17_23_787	0.248	689	419	30	103	738	88	730	2.994E-29	112
PTPRA_20_151	CDH17_23_787	0.461	13	7	0	54	66	394	406	3.999E+00	14
TSPAN5_114_232	CDH17_23_787	0.466	15	8	0	6	20	152	166	3.404E-01	18
CDH1_155_709	CDH17_23_787	0.305	559	340	20	2	537	217	749	9.381E-57	195
PCDHA1_30_697	CDH17_23_787	0.269	513	298	24	51	524	266	740	5.020E-30	114
TSPAN8_34_57	CDH17_23_787	0.461	13	7	0	4	16	421	433	6.485E-01	14
CDH10_55_613	CDH17_23_787	0.300	505	315	18	48	535	262	745	2.536E-56	194
GPA33_22_235	CDH17_23_787	0.470	17	9	0	137	153	381	397	1.293E-01	20
PCDHA10_29_695	CDH17_23_787	0.231	627	406	23	51	642	52	637	1.128E-28	109
ROBO1_26_897	CDH17_23_787	0.202	331	210	17	49	358	222	519	8.571E-05	33
TSPAN8_110_205	CDH17_23_787	0.384	13	8	0	23	35	196	208	2.020E+00	15
CDH11_54_617	CDH17_23_787	0.293	549	345	17	9	542	225	745	6.800E-54	187
CEMIP2_104_1383	CDH17_23_787	0.342	35	19	2	750	784	360	390	2.321E-01	22
PCDHA11_30_696	CDH17_23_787	0.242	640	412	27	35	641	38	637	2.206E-31	118
S1PR4_1_50	CDH17_23_787	0.500	10	5	0	19	28	701	710	4.033E-01	16
VCAM1_25_698	CDH17_23_787	0.258	31	23	0	641	671	324	354	2.056E-01	21
ABCG2_557_630	CDH17_23_787	0.400	15	9	0	29	43	648	662	2.245E-01	17
CDH12_55_609	CDH17_23_787	0.299	508	315	16	48	538	262	745	2.112E-50	176
CHRM3_1_67	CDH17_23_787	0.666	6	2	0	47	52	3	8	4.246E+00	13
HRH1_84_101	CDH17_23_787	0.444	9	5	0	8	16	290	298	4.187E-01	14
PCDHA12_30_697	CDH17_23_787	0.250	619	404	25	51	642	52	637	1.835E-26	102
S1PR4_106_117	CDH17_23_787	0.600	5	2	0	6	10	598	602	1.936E+00	12
CADM3_25_330	CDH17_23_787	0.250	36	23	1	147	178	637	672	2.626E-01	19
CDHR5_26_669	CDH17_23_787	0.213	366	208	15	43	374	261	580	5.299E-07	39
EGF_23_1032	CDH17_23_787	0.340	44	27	1	159	202	71	112	3.156E-01	21
PCDH11X_24_812	CDH17_23_787	0.254	605	379	25	178	742	56	628	2.358E-30	115
PCDHB15_27_690	CDH17_23_787	0.271	446	282	17	168	591	56	480	1.424E-27	106
ADGRE5_21_552	CDH17_23_787	0.285	63	30	3	88	140	312	369	2.256E-02	24
CDH16_19_786	CDH17_23_787	0.300	732	485	18	47	764	44	762	5.542E-100	323
CHRM3_207_229	CDH17_23_787	0.333	12	8	0	12	23	22	33	6.010E-02	16
HRH1_439_450	CDH17_23_787	0.750	4	1	0	8	11	330	333	4.221E+00	11
PCDHA2_23_697	CDH17_23_787	0.269	515	295	23	58	531	266	740	3.739E-29	111
ADGRE5_602_620	CDH17_23_787	0.600	5	2	0	2	6	725	729	2.135E+00	12
CDH17_23_787	CDH17_23_787	1.000	765	0	0	1	765	1	765	0.000E+00	1577
ICAM1_28_480	CDH17_23_787	0.250	36	19	1	156	183	201	236	5.392E-01	19
PCDHA7_30_697	CDH17_23_787	0.257	505	314	21	51	524	266	740	6.180E-28	107
SSTR2_1_43	CDH17_23_787	0.750	8	2	0	4	11	455	462	5.649E-02	18
JAM3_32_241	CDH17_23_787	0.239	46	30	2	152	195	253	295	1.679E-01	19
CDH2_160_724	CDH17_23_787	0.311	556	354	13	2	550	217	750	3.439E-75	248
CHRNB4_22_236	CDH17_23_787	0.538	13	6	0	66	78	99	111	7.166E-01	18
IGSF11_23_241	CDH17_23_787	0.226	53	34	2	121	166	315	367	5.512E-01	18
PCDHA5_29_696	CDH17_23_787	0.247	646	392	26	41	642	42	637	8.849E-30	113
SSTR1_197_219	CDH17_23_787	0.444	9	5	0	5	13	335	343	1.294E+00	13
ADGRG1_26_402	CDH17_23_787	0.326	46	27	1	256	301	526	567	3.327E-01	19
CDH20_60_619	CDH17_23_787	0.310	500	313	15	52	538	265	745	4.770E-56	193
ITGA3_33_991	CDH17_23_787	0.300	40	26	1	112	149	104	143	3.945E-01	21
PCDHA6_30_697	CDH17_23_787	0.255	504	316	20	51	524	266	740	2.847E-30	115
CDH5_48_599	CDH17_23_787	0.260	546	362	19	9	533	223	747	2.966E-46	164
DSC3_136_690	CDH17_23_787	0.305	566	352	17	3	551	219	760	2.360E-72	240
NTRK2_32_430	CDH17_23_787	0.545	11	5	0	328	338	286	296	3.544E-01	19
EGFR_25_645	CDH17_23_787	0.237	80	52	3	44	119	103	177	1.425E-01	21
PCDH11Y_29_844	CDH17_23_787	0.255	607	376	26	205	769	56	628	9.807E-29	110
PCDHA3_30_697	CDH17_23_787	0.263	498	320	19	51	524	266	740	2.144E-30	115
CDH18_54_608	CDH17_23_787	0.321	507	298	17	52	538	265	745	2.735E-57	197
PCDH7_29_879	CDH17_23_787	0.241	620	401	20	227	811	51	635	1.481E-29	113
PCDHB9_27_690	CDH17_23_787	0.268	496	299	20	161	624	53	516	2.193E-24	96
CHRNA7_23_230	CDH17_23_787	0.244	49	37	0	7	55	169	217	1.217E+00	17
IGF1R_741_935	CDH17_23_787	0.250	52	39	0	119	170	80	131	4.798E-01	18
PCDHA4_30_697	CDH17_23_787	0.259	505	313	22	51	524	266	740	1.615E-30	115
CDH22_36_624	CDH17_23_787	0.289	504	327	17	75	567	262	745	2.174E-44	158
ITGA5_42_995	CDH17_23_787	0.409	22	12	1	492	513	678	698	1.571E+00	19
PCDHB12_27_690	CDH17_23_787	0.278	485	298	20	168	624	56	516	6.096E-28	107
TGFBR2_23_166	CDH17_23_787	0.571	14	6	0	14	27	533	546	2.455E-01	18
DSC1_135_691	CDH17_23_787	0.303	561	327	20	3	533	219	745	2.084E-57	197
NEO1_34_1105	CDH17_23_787	0.259	104	68	5	519	617	234	333	3.970E-03	27
TNFRSF11A_30_212	CDH17_23_787	0.354	31	15	2	112	138	641	670	4.370E+00	15
CDH6_54_615	CDH17_23_787	0.299	527	329	19	48	560	262	762	1.147E-51	180
NCAM1_20_718	CDH17_23_787	0.232	73	45	3	605	673	231	296	9.279E-02	22
DSG2_50_609	CDH17_23_787	0.281	533	325	16	53	559	260	760	3.004E-43	154
PCDH1_58_852	CDH17_23_787	0.255	752	477	30	33	747	29	734	3.921E-35	131
PCDHB13_29_690	CDH17_23_787	0.271	479	308	16	167	622	56	516	4.014E-25	98
CADM1_45_374	CDH17_23_787	0.307	26	18	0	229	254	232	257	1.232E-01	21
SSTR2_182_207	CDH17_23_787	0.500	8	4	0	2	9	722	729	3.172E+00	12
ADRA1A_1_27	CDH17_23_787	0.625	8	3	0	3	10	123	130	1.133E+00	13
CDH4_170_734	CDH17_23_787	0.302	555	360	11	2	550	217	750	2.281E-73	243
ITGB7_20_723	CDH17_23_787	0.315	19	13	0	139	157	574	592	1.143E+00	19
PCDHB11_27_690	CDH17_23_787	0.278	485	298	20	168	624	56	516	4.411E-27	104
TGFBR1_34_126	CDH17_23_787	0.500	12	6	0	51	62	653	664	7.921E-01	16
PCDHB16_29_690	CDH17_23_787	0.233	489	337	14	165	632	269	740	4.014E-25	98
TM4SF19_115_175	CDH17_23_787	0.277	18	13	0	8	25	678	695	1.076E+00	15
PCDHB5_31_689	CDH17_23_787	0.243	489	331	14	163	629	269	740	9.268E-25	97
CDH23_24_3064	CDH17_23_787	0.264	708	462	23	817	1493	62	741	5.442E-47	172
CLSTN1_29_859	CDH17_23_787	0.255	145	86	6	66	199	366	499	2.885E-06	37
ITGB1_21_728	CDH17_23_787	0.218	137	93	4	251	377	446	578	3.780E-01	20
PCDHA8_30_697	CDH17_23_787	0.256	507	312	20	51	524	266	740	1.560E-29	112
CDH3_108_654	CDH17_23_787	0.282	546	352	17	6	533	222	745	1.277E-53	186
ITGB6_22_709	CDH17_23_787	0.226	137	91	5	244	370	448	579	1.205E-01	22
PCDHA9_30_697	CDH17_23_787	0.262	511	304	22	51	524	266	740	3.648E-29	111
NECTIN1_31_355	CDH17_23_787	0.615	13	4	1	25	37	231	242	3.727E-01	19
PCDHB10_27_692	CDH17_23_787	0.270	491	304	20	161	624	53	516	1.664E-24	96
TENM3_332_2699	CDH17_23_787	0.250	32	24	0	2033	2064	217	248	2.298E+00	19
BSG_138_323	CDH17_23_787	0.333	48	29	2	2	47	321	367	2.556E-01	19
CDHR1_20_700	CDH17_23_787	0.248	544	324	23	162	665	48	546	4.457E-26	101
CD163_42_1050	CDH17_23_787	0.257	35	24	1	527	559	342	376	5.052E+00	17
CELSR2_32_2380	CDH17_23_787	0.273	706	447	28	303	966	42	723	5.318E-48	175
FAT1_22_4181	CDH17_23_787	0.270	772	466	33	2681	3398	4	731	1.356E-59	212
PCDH18_28_699	CDH17_23_787	0.264	503	303	24	54	526	265	730	1.859E-26	102
F11R_28_238	CDH17_23_787	0.317	41	23	2	95	130	306	346	1.238E+00	17
PCDH17_18_707	CDH17_23_787	0.259	463	288	16	178	622	56	481	7.742E-32	120
PCDHB4_28_689	CDH17_23_787	0.277	487	296	23	166	622	56	516	1.414E-27	106
PCDHB1_29_691	CDH17_23_787	0.268	502	305	20	54	522	268	740	1.193E-30	116
TENM1_346_2725	CDH17_23_787	0.347	46	23	3	1681	1719	47	92	7.642E-01	21
CDH7_28_607	CDH17_23_787	0.294	506	320	18	68	558	262	745	6.065E-49	172
DCHS1_43_2940	CDH17_23_787	0.261	834	438	31	1538	2322	36	740	1.228E-39	148
ACVR1_21_123	CDH17_23_787	0.176	68	38	3	37	102	418	469	1.530E-01	18
CDH15_61_606	CDH17_23_787	0.294	543	353	14	2	528	222	750	3.711E-56	193
HRH1_165_189	CDH17_23_787	0.500	12	6	0	12	23	278	289	4.731E-01	14
PCDHA13_30_697	CDH17_23_787	0.232	628	404	23	51	642	52	637	8.529E-29	110
CDHR2_21_1154	CDH17_23_787	0.244	682	396	28	150	788	41	645	1.290E-28	111
DSG3_50_615	CDH17_23_787	0.280	563	347	24	2	540	217	745	4.791E-46	163
PCDH10_19_715	CDH17_23_787	0.254	526	321	22	35	533	249	730	7.666E-31	117
PCDHB14_27_686	CDH17_23_787	0.237	502	341	16	155	634	259	740	1.634E-24	96
TM4SF1_115_161	CDH17_23_787	0.257	35	26	0	9	43	193	227	3.592E-01	16
CASR_20_612	CDH17_23_787	0.247	85	54	4	4	86	583	659	5.459E-01	19
CELSR1_22_2469	CDH17_23_787	0.262	797	481	31	220	967	3	741	3.261E-50	182
EPHB3_34_559	CDH17_23_787	0.310	29	20	0	483	511	475	503	1.108E+00	18
PCDH12_25_718	CDH17_23_787	0.253	561	347	25	53	574	47	574	7.755E-25	97
PCDHB2_31_692	CDH17_23_787	0.266	439	293	15	166	589	56	480	1.644E-24	96
TNF_57_233	CDH17_23_787	0.258	112	72	5	65	175	45	146	2.396E-03	25
CASR_746_769	CDH17_23_787	0.500	10	5	0	15	24	740	749	3.349E-02	17
EPHB6_32_594	CDH17_23_787	0.294	17	12	0	366	382	461	477	1.574E+00	18
PCDH15_27_1376	CDH17_23_787	0.246	729	395	28	424	1122	46	649	2.687E-36	136
PCDHB3_27_690	CDH17_23_787	0.254	491	324	17	167	634	269	740	1.733E-25	99
TNFRSF10A_24_239	CDH17_23_787	0.428	14	8	0	186	199	581	594	2.981E+00	16
TSPAN17_116_234	CDH17_23_787	0.280	25	18	0	46	70	297	321	1.409E-01	19
ABCB1_733_756	CDH17_23_787	0.625	8	3	0	8	15	129	136	9.142E-02	16
CELSR3_33_2540	CDH17_23_787	0.280	695	435	27	459	1111	52	723	1.073E-53	193
PECAM1_28_601	CDH17_23_787	0.269	52	34	2	213	263	77	125	5.271E-01	19
PCDHAC2_43_708	CDH17_23_787	0.254	527	341	21	167	664	56	559	8.784E-30	113
STIM1_23_213	CDH17_23_787	0.363	22	14	0	92	113	210	231	1.491E-01	19
PCDHAC1_19_683	CDH17_23_787	0.276	434	269	18	48	456	262	675	5.622E-26	101
BMPR2_27_150	CDH17_23_787	0.333	30	13	2	11	33	569	598	1.550E+00	16
CDH9_54_615	CDH17_23_787	0.283	505	327	18	48	538	262	745	1.110E-45	162
AGER_23_342	CDH17_23_787	0.333	39	25	1	131	168	338	376	2.908E-02	23
CDH8_62_621	CDH17_23_787	0.285	564	366	19	9	558	225	765	6.483E-56	193
GNRHR_98_115	CDH17_23_787	0.466	15	6	1	1	15	369	381	5.287E-02	16
PCDH8_30_749	CDH17_23_787	0.235	594	345	19	108	671	218	732	2.049E-20	83
