# BLASTP 2.13.0+
# Query: CDH17_23_787
# Database: queryDB
# Fields: query acc.ver, subject acc.ver, % identity, alignment length, mismatches, gap opens, q. start, q. end, s. start, s. end, evalue, bit score
# 389 hits found
CDH17_23_787	CDH17_23_787	100.000	765	0	0	1	765	1	765	0.0	1575
CDH17_23_787	CDH16_19_786	29.863	730	489	16	44	762	47	764	6.44e-103	328
CDH17_23_787	CDH16_19_786	28.409	264	168	9	36	292	250	499	3.95e-16	75.9
CDH17_23_787	CDH4_170_734	30.270	555	360	11	217	750	2	550	7.79e-74	244
CDH17_23_787	CDH4_170_734	26.879	439	274	14	47	456	50	470	1.75e-29	117
CDH17_23_787	CDH2_160_724	31.115	556	354	13	217	750	2	550	1.13e-71	238
CDH17_23_787	CDH2_160_724	30.446	404	247	12	47	425	50	444	2.74e-34	132
CDH17_23_787	DSC3_136_690	30.634	568	352	18	217	760	2	551	1.43e-71	238
CDH17_23_787	DSC3_136_690	27.517	447	270	18	46	462	49	471	1.28e-26	108
CDH17_23_787	DSC3_136_690	24.684	158	97	7	47	198	383	524	4.30e-04	36.6
CDH17_23_787	CDH15_61_606	30.350	514	333	13	252	751	27	529	5.39e-56	195
CDH17_23_787	CDH15_61_606	25.486	463	265	16	43	462	30	455	9.72e-21	89.7
CDH17_23_787	CDH1_155_709	30.070	572	350	20	217	760	2	551	1.06e-54	191
CDH17_23_787	CDH1_155_709	29.664	327	187	11	47	346	50	360	1.36e-24	102
CDH17_23_787	CDH1_155_709	22.667	150	104	5	50	195	276	417	0.037	30.4
CDH17_23_787	CDH1_155_709	27.174	92	55	3	17	102	354	439	0.13	28.5
CDH17_23_787	DSC1_135_691	29.893	562	331	20	217	745	2	533	1.67e-54	191
CDH17_23_787	DSC1_135_691	27.119	413	256	14	46	429	49	445	7.80e-23	96.7
CDH17_23_787	CDH18_54_608	31.755	507	300	17	265	745	52	538	8.86e-54	189
CDH17_23_787	CDH18_54_608	28.825	451	272	17	35	457	34	463	9.29e-37	139
CDH17_23_787	CDH18_54_608	27.513	189	125	9	576	756	35	219	1.46e-04	38.1
CDH17_23_787	CDH20_60_619	31.151	504	314	16	262	745	48	538	1.13e-53	188
CDH17_23_787	CDH20_60_619	28.194	454	279	18	35	461	34	467	3.86e-31	122
CDH17_23_787	CDH20_60_619	35.915	142	86	3	54	195	385	521	5.90e-14	68.6
CDH17_23_787	CDH20_60_619	34.722	72	45	2	576	645	35	106	2.24e-05	40.8
CDH17_23_787	FAT1_22_4181	27.677	719	441	29	45	731	2727	3398	2.76e-53	194
CDH17_23_787	FAT1_22_4181	26.230	732	468	27	48	754	2839	3523	6.08e-45	168
CDH17_23_787	FAT1_22_4181	26.494	619	387	26	50	645	2951	3524	1.90e-34	135
CDH17_23_787	FAT1_22_4181	26.491	721	428	30	85	740	529	1212	3.64e-33	131
CDH17_23_787	FAT1_22_4181	25.350	643	406	25	36	646	836	1436	1.32e-31	126
CDH17_23_787	FAT1_22_4181	25.000	692	435	27	45	696	2310	2957	4.22e-30	121
CDH17_23_787	FAT1_22_4181	27.316	626	373	28	59	653	1179	1753	6.38e-30	120
CDH17_23_787	FAT1_22_4181	26.471	612	378	22	54	643	1806	2367	2.10e-28	116
CDH17_23_787	FAT1_22_4181	24.438	667	428	30	95	736	2051	2666	6.42e-28	114
CDH17_23_787	FAT1_22_4181	25.339	738	425	29	54	741	1491	2152	6.53e-28	114
CDH17_23_787	FAT1_22_4181	23.860	658	405	26	12	628	1342	1944	8.91e-26	107
CDH17_23_787	FAT1_22_4181	26.350	611	387	24	65	649	655	1228	1.99e-25	106
CDH17_23_787	FAT1_22_4181	25.719	626	390	27	42	633	738	1322	3.12e-23	99.4
CDH17_23_787	FAT1_22_4181	23.543	446	267	15	11	419	3108	3516	3.57e-20	89.7
CDH17_23_787	FAT1_22_4181	22.947	475	278	20	268	685	397	840	1.73e-14	70.9
CDH17_23_787	FAT1_22_4181	23.640	533	350	21	62	576	87	580	1.56e-11	61.2
CDH17_23_787	FAT1_22_4181	26.590	173	103	6	23	195	375	523	2.54e-06	44.3
CDH17_23_787	FAT1_22_4181	20.551	472	331	20	273	730	84	525	0.008	32.7
CDH17_23_787	FAT1_22_4181	37.931	29	18	0	350	378	3814	3842	0.44	26.9
CDH17_23_787	FAT1_22_4181	31.481	54	28	3	630	681	3889	3935	3.3	24.3
CDH17_23_787	CDH10_55_613	30.303	528	321	21	262	759	48	558	9.56e-53	186
CDH17_23_787	CDH10_55_613	28.728	456	274	18	35	461	34	467	5.49e-36	137
CDH17_23_787	CDH11_54_617	30.297	505	314	15	265	745	52	542	9.32e-52	183
CDH17_23_787	CDH11_54_617	30.652	460	262	19	36	461	35	471	8.79e-40	148
CDH17_23_787	CELSR3_33_2540	28.194	720	452	27	47	740	343	1023	3.01e-51	187
CDH17_23_787	CELSR3_33_2540	29.201	613	375	23	52	643	459	1033	1.32e-50	186
CDH17_23_787	CELSR3_33_2540	25.120	625	409	24	40	645	553	1137	4.41e-29	118
CDH17_23_787	CELSR3_33_2540	26.406	409	258	15	35	427	756	1137	1.58e-23	100
CDH17_23_787	CELSR3_33_2540	27.253	455	248	21	327	741	302	713	1.13e-21	94.4
CDH17_23_787	CELSR3_33_2540	34.862	109	64	3	542	643	291	399	1.36e-08	51.6
CDH17_23_787	CDH8_62_621	28.191	564	368	18	225	765	9	558	3.09e-49	176
CDH17_23_787	CDH8_62_621	28.980	490	282	20	4	461	12	467	3.69e-31	122
CDH17_23_787	CDH8_62_621	29.439	214	128	8	5	206	330	532	1.28e-12	64.3
CDH17_23_787	CDH6_54_615	29.923	518	328	17	268	762	55	560	3.41e-49	176
CDH17_23_787	CDH6_54_615	27.533	454	282	18	35	461	34	467	2.12e-32	126
CDH17_23_787	CDH6_54_615	34.615	104	66	2	32	134	362	464	7.50e-10	55.1
CDH17_23_787	CDH6_54_615	32.673	101	61	5	576	672	35	132	7.53e-04	35.8
CDH17_23_787	CDH12_55_609	29.724	508	316	16	262	745	48	538	1.12e-47	171
CDH17_23_787	CDH12_55_609	29.956	454	259	19	36	456	35	462	3.44e-32	125
CDH17_23_787	CDH7_28_607	29.447	506	320	18	262	745	68	558	2.77e-47	171
CDH17_23_787	CDH7_28_607	32.159	454	261	19	35	461	54	487	1.55e-39	148
CDH17_23_787	CDH7_28_607	30.244	205	128	7	5	201	350	547	3.43e-13	65.9
CDH17_23_787	CDH3_108_654	28.177	543	356	16	222	745	6	533	7.53e-47	169
CDH17_23_787	CDH3_108_654	31.548	336	199	11	45	360	48	372	6.21e-28	112
CDH17_23_787	CDH3_108_654	23.077	286	181	11	53	321	280	543	4.51e-04	36.6
CDH17_23_787	CELSR1_22_2469	27.121	719	438	26	2	672	219	899	2.57e-44	166
CDH17_23_787	CELSR1_22_2469	26.944	720	453	25	40	723	372	1054	9.96e-42	158
CDH17_23_787	CELSR1_22_2469	25.886	649	407	25	40	653	478	1087	1.02e-35	139
CDH17_23_787	CELSR1_22_2469	27.545	501	303	17	262	729	275	748	7.94e-29	117
CDH17_23_787	CELSR2_32_2380	28.349	642	406	22	62	683	216	823	8.95e-44	164
CDH17_23_787	CELSR2_32_2380	28.189	635	394	24	42	653	303	898	2.34e-43	163
CDH17_23_787	CELSR2_32_2380	28.512	484	307	19	262	729	201	661	2.67e-33	131
CDH17_23_787	CELSR2_32_2380	26.592	628	398	25	40	646	408	993	9.26e-29	117
CDH17_23_787	CELSR2_32_2380	26.374	546	339	28	102	619	148	658	5.94e-26	108
CDH17_23_787	CELSR2_32_2380	27.845	413	245	14	36	427	612	992	4.38e-24	102
CDH17_23_787	CELSR2_32_2380	32.456	114	70	3	537	643	143	256	1.23e-09	55.1
CDH17_23_787	CDH5_48_599	26.079	556	370	21	216	751	3	537	6.27e-43	157
CDH17_23_787	CDH5_48_599	26.572	493	280	19	38	494	46	492	5.22e-25	103
CDH17_23_787	CDH9_54_615	28.317	505	327	18	262	745	48	538	5.55e-42	155
CDH17_23_787	CDH9_54_615	28.821	458	269	18	36	461	35	467	3.57e-34	131
CDH17_23_787	DSG2_50_609	28.249	531	323	16	260	758	53	557	2.74e-41	152
CDH17_23_787	DSG2_50_609	27.918	437	254	18	47	440	52	470	1.53e-20	89.4
CDH17_23_787	DSG2_50_609	32.787	61	33	2	90	150	436	488	5.1	23.5
CDH17_23_787	FAT2_19_4048	25.858	758	479	32	24	755	2813	3513	3.20e-40	154
CDH17_23_787	FAT2_19_4048	25.744	773	457	34	36	733	475	1205	6.89e-40	152
CDH17_23_787	FAT2_19_4048	25.802	717	448	29	38	724	2304	2966	1.88e-35	138
CDH17_23_787	FAT2_19_4048	26.147	654	400	28	122	742	715	1318	1.07e-30	123
CDH17_23_787	FAT2_19_4048	27.189	651	389	29	15	629	2896	3497	9.77e-30	120
CDH17_23_787	FAT2_19_4048	25.358	698	398	29	104	730	344	989	1.59e-28	116
CDH17_23_787	FAT2_19_4048	24.502	653	391	23	36	645	837	1430	5.20e-27	111
CDH17_23_787	FAT2_19_4048	23.427	747	475	33	23	734	1659	2343	1.28e-25	107
CDH17_23_787	FAT2_19_4048	25.101	741	459	33	40	740	2401	3085	2.54e-25	106
CDH17_23_787	FAT2_19_4048	23.867	662	393	24	16	647	1783	2363	6.47e-25	104
CDH17_23_787	FAT2_19_4048	24.725	728	451	32	42	729	739	1409	3.20e-22	96.3
CDH17_23_787	FAT2_19_4048	25.413	606	378	31	26	602	1352	1912	5.90e-21	92.0
CDH17_23_787	FAT2_19_4048	23.022	695	459	23	68	730	1501	2151	1.87e-19	87.0
CDH17_23_787	FAT2_19_4048	24.607	382	253	12	52	423	3251	3607	2.60e-18	83.6
CDH17_23_787	FAT2_19_4048	24.816	407	253	15	90	477	3186	3558	8.87e-12	62.0
CDH17_23_787	FAT2_19_4048	29.528	254	154	11	36	278	3338	3577	2.11e-11	60.8
CDH17_23_787	FAT2_19_4048	26.543	162	99	7	22	177	359	506	2.83e-06	44.3
CDH17_23_787	FAT2_19_4048	23.282	262	166	10	15	253	23	272	5.37e-05	40.0
CDH17_23_787	FAT2_19_4048	30.000	90	57	3	388	475	89	174	6.42e-05	39.7
CDH17_23_787	FAT2_19_4048	23.958	96	70	3	527	619	112	207	0.24	28.1
CDH17_23_787	DSG3_50_615	27.061	558	359	20	217	745	2	540	4.52e-39	146
CDH17_23_787	DSG3_50_615	32.895	152	96	3	47	197	50	196	4.59e-17	78.2
CDH17_23_787	DSG3_50_615	30.435	138	81	4	12	143	128	256	2.96e-09	53.1
CDH17_23_787	DSG3_50_615	32.075	53	31	1	28	75	247	299	5.9	23.1
CDH17_23_787	CDH22_36_624	28.571	511	320	17	262	745	75	567	1.91e-38	144
CDH17_23_787	CDH22_36_624	26.804	485	304	18	17	470	40	504	2.48e-27	110
CDH17_23_787	DCHS1_43_2940	25.538	697	440	24	12	670	1295	1950	7.54e-38	146
CDH17_23_787	DCHS1_43_2940	25.956	732	464	28	35	731	247	935	1.99e-37	144
CDH17_23_787	DCHS1_43_2940	23.440	721	489	26	36	731	466	1148	8.34e-36	139
CDH17_23_787	DCHS1_43_2940	27.165	508	312	19	262	742	50	526	2.37e-33	132
CDH17_23_787	DCHS1_43_2940	25.665	752	464	29	11	728	2059	2749	2.71e-32	128
CDH17_23_787	DCHS1_43_2940	26.442	711	452	29	54	740	1659	2322	2.85e-32	128
CDH17_23_787	DCHS1_43_2940	25.401	748	453	32	12	698	5	708	1.04e-31	126
CDH17_23_787	DCHS1_43_2940	25.490	714	461	31	54	738	594	1265	1.83e-29	119
CDH17_23_787	DCHS1_43_2940	23.711	776	495	28	6	745	1092	1806	2.58e-29	119
CDH17_23_787	DCHS1_43_2940	25.890	618	380	23	62	643	171	746	3.45e-29	118
CDH17_23_787	DCHS1_43_2940	23.867	662	422	29	16	639	333	950	3.95e-25	105
CDH17_23_787	DCHS1_43_2940	24.422	692	440	26	71	728	2000	2642	4.05e-25	105
CDH17_23_787	DCHS1_43_2940	24.196	591	378	22	41	598	2274	2827	4.33e-23	99.0
CDH17_23_787	DCHS1_43_2940	24.958	597	381	21	62	626	2193	2754	1.37e-22	97.4
CDH17_23_787	DCHS1_43_2940	29.310	116	72	3	54	169	2723	2828	4.25e-05	40.4
CDH17_23_787	CDH23_24_3064	25.515	776	501	28	11	740	1832	2576	2.46e-36	141
CDH17_23_787	CDH23_24_3064	26.807	761	462	36	46	760	588	1299	2.53e-35	138
CDH17_23_787	CDH23_24_3064	26.800	750	464	37	24	734	1430	2133	5.17e-35	137
CDH17_23_787	CDH23_24_3064	26.162	753	474	35	35	742	1974	2689	1.73e-33	132
CDH17_23_787	CDH23_24_3064	25.592	633	414	21	40	645	1226	1828	7.79e-32	127
CDH17_23_787	CDH23_24_3064	24.566	749	481	29	19	728	26	729	2.39e-29	119
CDH17_23_787	CDH23_24_3064	24.880	627	402	22	59	647	2106	2701	2.80e-27	112
CDH17_23_787	CDH23_24_3064	22.253	719	492	23	54	743	922	1602	1.24e-25	107
CDH17_23_787	CDH23_24_3064	24.656	726	424	31	4	651	2150	2830	1.58e-24	103
CDH17_23_787	CDH23_24_3064	25.310	565	334	23	54	572	2329	2851	5.26e-23	98.6
CDH17_23_787	CDH23_24_3064	25.294	340	208	14	323	645	15	325	2.03e-14	70.9
CDH17_23_787	CDH23_24_3064	24.390	287	189	10	422	701	3	268	2.04e-13	67.4
CDH17_23_787	PCDH1_58_852	25.665	752	476	31	29	734	33	747	8.48e-30	119
CDH17_23_787	PCDH1_58_852	25.523	478	298	17	302	745	95	548	1.41e-26	109
CDH17_23_787	PCDH1_58_852	25.203	492	315	20	276	740	181	646	9.02e-25	103
CDH17_23_787	PCDH1_58_852	24.316	621	395	20	51	633	170	753	2.38e-24	102
CDH17_23_787	PCDH1_58_852	26.111	180	100	9	587	741	41	212	0.066	29.6
CDH17_23_787	PCDH15_27_1376	26.334	581	357	21	98	649	584	1122	1.61e-29	119
CDH17_23_787	PCDH15_27_1376	23.855	633	411	24	46	649	424	1014	8.46e-29	117
CDH17_23_787	PCDH15_27_1376	23.620	652	406	26	55	643	67	689	2.46e-22	96.3
CDH17_23_787	PCDH15_27_1376	23.737	653	420	29	35	647	621	1235	2.04e-17	80.1
CDH17_23_787	PCDH15_27_1376	23.432	542	339	21	8	511	693	1196	8.78e-15	71.6
CDH17_23_787	PCDH15_27_1376	21.729	451	282	17	303	701	106	537	9.93e-06	42.4
CDH17_23_787	PCDH19_22_678	27.155	464	294	15	37	473	144	590	1.21e-27	112
CDH17_23_787	PCDH19_22_678	23.413	504	334	18	260	734	153	633	2.52e-21	92.0
CDH17_23_787	PCDH19_22_678	25.040	619	376	25	54	627	58	633	1.21e-20	90.1
CDH17_23_787	PCDH19_22_678	25.074	339	213	15	325	643	6	323	1.64e-13	67.0
CDH17_23_787	PCDHA6_30_697	25.595	504	316	20	266	740	51	524	3.20e-26	107
CDH17_23_787	PCDHA6_30_697	25.185	405	253	13	270	651	165	542	3.66e-23	98.2
CDH17_23_787	PCDHA6_30_697	25.587	426	283	13	56	461	165	576	1.10e-22	96.7
CDH17_23_787	PCDHA6_30_697	23.438	640	416	27	52	651	51	656	8.25e-21	90.5
CDH17_23_787	PCDHA6_30_697	25.199	377	246	13	48	404	264	624	6.44e-15	71.6
CDH17_23_787	PCDHA6_30_697	45.455	22	12	0	720	741	181	202	6.3	23.1
CDH17_23_787	PCDHA3_30_697	26.305	498	320	19	266	740	51	524	1.18e-25	105
CDH17_23_787	PCDHA3_30_697	24.413	639	411	25	52	651	51	656	1.01e-23	99.8
CDH17_23_787	PCDHA3_30_697	32.743	113	68	2	34	146	362	466	7.36e-10	55.5
CDH17_23_787	PCDHA1_30_697	26.214	515	299	22	266	740	51	524	1.28e-25	105
CDH17_23_787	PCDHA1_30_697	23.307	635	421	22	54	652	53	657	4.68e-20	88.2
CDH17_23_787	PCDHA1_30_697	32.743	113	68	2	34	146	362	466	4.84e-10	55.8
CDH17_23_787	PCDHA1_30_697	25.000	200	136	9	553	741	6	202	0.15	28.5
CDH17_23_787	PCDHA11_30_696	24.219	640	410	27	52	651	51	655	2.04e-25	105
CDH17_23_787	PCDHA11_30_696	25.506	494	328	17	266	740	51	523	9.96e-24	99.8
CDH17_23_787	PCDHA11_30_696	24.147	381	249	16	46	404	261	623	1.90e-13	67.0
CDH17_23_787	PCDHA11_30_696	25.616	203	129	10	553	740	6	201	0.059	29.6
CDH17_23_787	PCDHA9_30_697	26.265	514	300	22	266	740	51	524	2.18e-25	105
CDH17_23_787	PCDHA9_30_697	23.430	653	420	26	42	651	41	656	2.73e-17	79.3
CDH17_23_787	PCDHA9_30_697	34.513	113	66	2	34	146	362	466	1.46e-11	60.8
CDH17_23_787	PCDHA9_30_697	24.138	203	134	8	553	741	6	202	0.086	29.3
CDH17_23_787	PCDHA2_23_697	26.782	519	291	22	266	740	58	531	2.30e-25	105
CDH17_23_787	PCDHA2_23_697	25.225	444	289	14	56	469	172	602	3.23e-23	98.2
CDH17_23_787	PCDHA2_23_697	24.063	507	322	18	270	743	172	648	7.93e-23	97.1
CDH17_23_787	PCDHA2_23_697	24.299	642	408	27	52	651	58	663	2.12e-22	95.5
CDH17_23_787	PCDH17_18_707	25.376	465	288	14	56	481	178	622	2.39e-25	105
CDH17_23_787	PCDH17_18_707	23.408	534	361	16	246	744	148	668	3.17e-23	98.2
CDH17_23_787	PCDH17_18_707	26.667	480	285	22	304	741	101	555	1.17e-18	83.6
CDH17_23_787	PCDH17_18_707	23.981	638	407	26	54	643	65	672	3.97e-15	72.4
CDH17_23_787	PCDH17_18_707	26.404	178	118	4	35	211	392	557	8.23e-09	52.0
CDH17_23_787	PCDH17_18_707	24.828	435	257	18	24	418	260	664	2.64e-08	50.4
CDH17_23_787	PCDHA8_30_697	25.731	513	304	22	266	740	51	524	4.12e-25	104
CDH17_23_787	PCDHA8_30_697	25.527	427	282	13	56	461	165	576	5.37e-23	97.4
CDH17_23_787	PCDHA8_30_697	24.877	406	255	13	269	651	164	542	3.23e-21	92.0
CDH17_23_787	PCDHA8_30_697	23.354	638	423	24	52	653	51	658	2.00e-20	89.4
CDH17_23_787	PCDHA8_30_697	23.404	423	270	17	16	404	222	624	6.28e-16	75.1
CDH17_23_787	PCDHA8_30_697	25.893	112	71	4	637	741	96	202	4.6	23.5
CDH17_23_787	PCDHB1_29_691	26.139	505	309	20	266	740	52	522	5.06e-25	103
CDH17_23_787	PCDHB1_29_691	24.802	504	338	16	259	743	155	636	3.43e-19	85.5
CDH17_23_787	PCDHB1_29_691	26.562	448	283	18	56	480	166	590	5.21e-19	84.7
CDH17_23_787	PCDHB1_29_691	23.016	630	416	22	38	637	47	637	2.10e-14	70.1
CDH17_23_787	PCDHB1_29_691	30.769	104	52	7	553	643	7	103	2.0	24.6
CDH17_23_787	PCDH10_19_715	26.326	509	305	22	266	730	51	533	1.02e-24	103
CDH17_23_787	PCDH10_19_715	26.856	458	279	14	56	473	165	606	2.42e-24	102
CDH17_23_787	PCDH10_19_715	24.176	546	341	23	250	743	137	661	7.30e-21	90.9
CDH17_23_787	PCDH10_19_715	22.812	640	408	25	54	637	53	662	2.41e-18	82.8
CDH17_23_787	PCDH10_19_715	25.729	377	239	14	325	672	4	368	2.85e-13	66.6
CDH17_23_787	PCDH10_19_715	23.991	446	282	18	13	422	238	662	2.94e-11	60.1
CDH17_23_787	PCDHB12_27_690	28.306	484	297	20	56	516	168	624	1.06e-24	102
CDH17_23_787	PCDHB12_27_690	24.187	492	335	16	269	743	167	637	8.04e-19	84.3
CDH17_23_787	PCDHB12_27_690	23.379	586	371	22	90	637	93	638	1.26e-18	83.6
CDH17_23_787	PCDHB12_27_690	23.223	422	244	17	268	653	56	433	8.07e-17	77.8
CDH17_23_787	PCDHB12_27_690	31.579	114	70	2	33	146	360	465	4.36e-11	59.3
CDH17_23_787	PCDHB12_27_690	27.027	148	92	5	54	195	485	622	0.007	32.7
CDH17_23_787	PCDHB12_27_690	26.020	196	125	10	553	734	9	198	0.28	27.7
CDH17_23_787	PCDHAC2_43_708	28.497	386	243	15	56	425	167	535	2.52e-24	101
CDH17_23_787	PCDHAC2_43_708	26.154	455	291	18	304	737	92	522	1.01e-23	99.8
CDH17_23_787	PCDHAC2_43_708	24.556	619	399	24	54	637	55	640	9.83e-20	87.0
CDH17_23_787	PCDHAC2_43_708	21.573	496	352	15	269	746	166	642	9.33e-18	80.9
CDH17_23_787	PCDHAC2_43_708	28.704	108	67	3	549	647	2	108	2.57e-04	37.4
CDH17_23_787	PCDHA5_29_696	24.431	659	406	25	42	651	41	656	2.84e-24	101
CDH17_23_787	PCDHA5_29_696	23.875	511	320	17	269	743	164	641	2.58e-21	92.0
CDH17_23_787	PCDHA5_29_696	24.351	308	185	12	34	315	362	647	6.33e-11	58.9
CDH17_23_787	PCDHA5_29_696	23.786	206	135	9	542	738	7	199	4.20e-05	40.0
CDH17_23_787	PCDHA4_30_697	25.498	502	319	20	266	740	51	524	3.92e-24	101
CDH17_23_787	PCDHA4_30_697	23.125	640	418	24	52	651	51	656	8.15e-18	80.9
CDH17_23_787	PCDHA4_30_697	23.719	527	352	19	56	559	165	664	5.23e-17	78.6
CDH17_23_787	PCDHA4_30_697	23.762	202	136	6	553	741	6	202	0.089	29.3
CDH17_23_787	PCDHB15_27_690	27.130	446	282	17	56	480	168	591	4.67e-24	100
CDH17_23_787	PCDHB15_27_690	24.330	485	329	15	276	743	174	637	1.87e-21	92.8
CDH17_23_787	PCDHB15_27_690	22.759	580	378	20	92	637	95	638	1.29e-11	61.2
CDH17_23_787	PCDHB15_27_690	34.234	111	65	2	36	146	363	465	2.81e-11	60.1
CDH17_23_787	PCDHB15_27_690	24.627	268	140	12	482	728	73	299	2.49e-07	47.4
CDH17_23_787	PCDHB15_27_690	26.351	148	93	5	54	195	485	622	0.026	30.8
CDH17_23_787	PCDHB15_27_690	23.077	208	119	9	549	738	18	202	0.91	25.8
CDH17_23_787	PCDHB7_27_688	26.915	483	305	17	56	516	168	624	4.98e-24	100
CDH17_23_787	PCDHB7_27_688	25.709	529	289	19	267	743	161	637	2.52e-22	95.5
CDH17_23_787	PCDHB7_27_688	23.609	593	380	21	82	637	82	638	6.16e-17	78.2
CDH17_23_787	PCDHB7_27_688	22.434	419	251	16	268	653	56	433	1.54e-12	63.9
CDH17_23_787	PCDHB7_27_688	31.532	111	68	2	36	146	363	465	2.11e-09	53.9
CDH17_23_787	PCDHB8_30_691	27.801	482	302	19	56	516	166	622	1.06e-23	99.8
CDH17_23_787	PCDHB8_30_691	24.644	491	328	18	269	740	165	632	1.88e-21	92.8
CDH17_23_787	PCDHB8_30_691	23.558	624	392	25	56	637	56	636	9.41e-17	77.4
CDH17_23_787	PCDHB8_30_691	25.359	418	259	20	259	653	44	431	1.98e-16	76.6
CDH17_23_787	PCDHB8_30_691	24.832	149	94	4	54	195	483	620	0.003	33.9
CDH17_23_787	PCDH11X_24_812	25.248	606	393	23	56	635	178	749	1.17e-23	100
CDH17_23_787	PCDH11X_24_812	25.458	491	304	17	267	729	171	627	1.86e-21	92.8
CDH17_23_787	PCDH11X_24_812	23.065	672	453	24	88	730	100	736	5.08e-20	88.2
CDH17_23_787	PCDH11X_24_812	23.960	505	328	20	268	742	59	537	1.60e-17	80.1
CDH17_23_787	PCDH11X_24_812	24.949	489	298	22	54	513	284	732	9.40e-17	77.8
CDH17_23_787	PCDH11X_24_812	27.066	351	220	12	49	386	388	715	3.27e-13	66.2
CDH17_23_787	PCDH11X_24_812	27.363	201	129	7	35	231	581	768	5.02e-10	56.2
CDH17_23_787	PCDH11X_24_812	31.343	67	33	4	587	643	51	114	0.40	26.9
CDH17_23_787	PCDHA7_30_697	25.743	505	314	21	266	740	51	524	1.61e-23	99.4
CDH17_23_787	PCDHA7_30_697	22.571	638	426	24	52	652	51	657	1.22e-17	80.5
CDH17_23_787	PCDHA7_30_697	32.743	113	68	2	34	146	362	466	3.90e-10	56.2
CDH17_23_787	PCDHA7_30_697	21.635	208	143	8	542	741	7	202	0.37	27.3
CDH17_23_787	PCDH9_24_814	25.434	692	411	30	88	730	103	738	1.94e-23	99.4
CDH17_23_787	PCDH9_24_814	25.080	622	390	24	51	640	176	753	2.29e-22	95.9
CDH17_23_787	PCDH9_24_814	23.789	475	325	17	270	731	181	631	1.98e-18	83.2
CDH17_23_787	PCDH9_24_814	22.863	468	301	15	302	741	103	538	3.38e-18	82.4
CDH17_23_787	PCDH9_24_814	25.622	402	249	14	36	419	384	753	5.02e-15	72.4
CDH17_23_787	PCDH9_24_814	26.100	341	224	10	326	649	10	339	7.52e-15	71.6
CDH17_23_787	PCDH9_24_814	28.659	164	104	4	35	195	583	736	1.28e-09	54.7
CDH17_23_787	PCDH9_24_814	21.457	247	150	11	547	761	5	239	1.8	25.0
CDH17_23_787	PCDHB11_27_690	27.479	484	301	19	56	516	168	624	3.92e-23	97.8
CDH17_23_787	PCDHB11_27_690	23.684	494	335	13	269	743	167	637	6.64e-18	81.3
CDH17_23_787	PCDHB11_27_690	23.236	581	378	20	90	637	93	638	1.57e-14	70.5
CDH17_23_787	PCDHB11_27_690	26.904	197	124	11	552	734	8	198	0.28	27.7
CDH17_23_787	PCDHB13_29_690	27.235	481	305	17	56	516	167	622	6.58e-23	97.4
CDH17_23_787	PCDHB13_29_690	23.780	492	336	15	269	743	166	635	1.84e-22	95.9
CDH17_23_787	PCDHB13_29_690	25.060	415	263	18	259	653	45	431	8.96e-18	80.9
CDH17_23_787	PCDHB13_29_690	23.312	622	395	26	56	637	57	636	3.44e-15	72.4
CDH17_23_787	PCDHB13_29_690	27.027	148	92	5	54	195	483	620	0.001	35.0
CDH17_23_787	PCDHA12_30_697	25.078	638	408	26	52	651	51	656	7.54e-23	97.1
CDH17_23_787	PCDHA12_30_697	26.441	503	313	20	266	740	51	524	1.15e-21	93.2
CDH17_23_787	PCDHA12_30_697	32.743	113	68	2	34	146	362	466	4.67e-10	56.2
CDH17_23_787	PCDHA13_30_697	23.520	642	413	24	52	651	51	656	1.35e-22	96.3
CDH17_23_787	PCDHA13_30_697	24.811	528	345	20	56	559	165	664	9.24e-22	93.6
CDH17_23_787	PCDHA13_30_697	25.352	497	326	19	266	740	51	524	4.18e-20	88.2
CDH17_23_787	PCDHA13_30_697	27.473	182	113	7	47	221	479	648	3.76e-05	40.0
CDH17_23_787	PCDHA13_30_697	23.113	212	137	11	542	742	7	203	0.15	28.5
CDH17_23_787	PCDHB4_28_689	27.572	486	298	21	56	516	166	622	1.84e-22	95.9
CDH17_23_787	PCDHB4_28_689	25.152	493	329	16	269	743	165	635	2.40e-21	92.4
CDH17_23_787	PCDHB4_28_689	24.048	578	373	21	92	637	93	636	1.22e-18	83.6
CDH17_23_787	PCDHB4_28_689	22.683	410	265	14	266	653	52	431	1.39e-14	70.5
CDH17_23_787	PCDHB4_28_689	27.027	148	92	5	54	195	483	620	0.002	34.7
CDH17_23_787	PCDHB4_28_689	23.415	205	118	9	549	736	16	198	0.029	30.8
CDH17_23_787	PCDHB16_29_690	24.089	494	333	16	269	743	165	635	1.86e-22	95.9
CDH17_23_787	PCDHB16_29_690	27.122	483	304	19	56	516	166	622	6.62e-22	94.0
CDH17_23_787	PCDHB16_29_690	26.498	434	282	17	266	685	52	462	9.05e-19	84.0
CDH17_23_787	PCDHB16_29_690	22.167	609	409	22	82	662	80	651	8.07e-15	71.2
CDH17_23_787	PCDHB16_29_690	24.832	149	94	4	54	195	483	620	0.007	32.7
CDH17_23_787	PCDH7_29_879	24.839	620	396	21	51	635	227	811	4.44e-22	95.1
CDH17_23_787	PCDH7_29_879	25.988	481	318	15	270	731	232	693	3.61e-21	92.0
CDH17_23_787	PCDH7_29_879	22.813	583	400	17	177	730	238	799	3.97e-17	79.0
CDH17_23_787	PCDH7_29_879	22.597	385	253	12	383	740	233	599	1.24e-07	48.1
CDH17_23_787	PCDH7_29_879	32.632	95	50	1	252	346	63	143	1.88e-05	41.2
CDH17_23_787	PCDH7_29_879	23.547	344	186	14	374	645	49	387	0.004	33.5
CDH17_23_787	PCDH7_29_879	27.350	117	62	7	545	643	2	113	0.041	30.4
CDH17_23_787	PCDH7_29_879	41.463	41	24	0	92	132	103	143	0.16	28.5
CDH17_23_787	CDHR2_21_1154	27.500	400	242	17	270	645	413	788	4.50e-22	95.1
CDH17_23_787	CDHR2_21_1154	23.416	726	473	29	19	689	22	719	2.09e-18	83.6
CDH17_23_787	CDHR2_21_1154	27.212	452	295	22	8	440	365	801	6.29e-18	82.0
CDH17_23_787	CDHR2_21_1154	27.500	440	248	19	276	672	526	937	1.03e-16	77.8
CDH17_23_787	CDHR2_21_1154	26.872	227	150	8	527	741	442	664	2.76e-10	57.0
CDH17_23_787	CDHR2_21_1154	24.017	458	266	20	1	405	577	1005	3.36e-08	50.1
CDH17_23_787	CDHR2_21_1154	21.118	161	102	3	539	677	1	158	2.30e-04	37.7
CDH17_23_787	PCDHA10_29_695	23.256	645	413	24	52	652	51	657	5.82e-22	94.4
CDH17_23_787	PCDHA10_29_695	24.056	503	325	18	266	740	51	524	6.06e-16	75.1
CDH17_23_787	PCDHA10_29_695	24.668	377	247	13	48	404	265	624	2.99e-15	72.8
CDH17_23_787	PCDHA10_29_695	33.628	113	67	2	34	146	362	466	2.43e-10	57.0
CDH17_23_787	PCDHB5_31_689	24.040	495	331	14	269	743	163	632	5.92e-22	94.4
CDH17_23_787	PCDHB5_31_689	29.243	383	240	11	56	425	164	528	6.19e-21	90.9
CDH17_23_787	PCDHB5_31_689	23.181	591	384	22	82	637	78	633	3.13e-17	79.0
CDH17_23_787	PCDHB5_31_689	23.868	243	137	8	424	649	5	216	1.32e-05	41.6
CDH17_23_787	PCDHB5_31_689	27.027	148	92	5	54	195	480	617	0.002	34.7
CDH17_23_787	PCDHB5_31_689	22.120	217	110	12	551	740	16	200	4.8	23.5
CDH17_23_787	PCDH11Y_29_844	25.493	608	389	25	56	635	205	776	5.99e-22	94.4
CDH17_23_787	PCDH11Y_29_844	25.458	491	304	18	267	729	198	654	1.81e-21	92.8
CDH17_23_787	PCDH11Y_29_844	23.214	672	452	25	88	730	127	763	2.13e-20	89.7
CDH17_23_787	PCDH11Y_29_844	23.960	505	328	20	268	742	86	564	1.77e-18	83.6
CDH17_23_787	PCDH11Y_29_844	25.051	487	300	22	54	513	311	759	4.51e-17	79.0
CDH17_23_787	PCDH11Y_29_844	28.975	283	174	9	49	321	415	680	4.13e-15	72.4
CDH17_23_787	PCDH11Y_29_844	27.000	200	131	6	35	231	608	795	3.87e-10	56.6
CDH17_23_787	PCDHB3_27_690	25.304	494	327	17	269	743	167	637	6.25e-22	94.0
CDH17_23_787	PCDHB3_27_690	27.500	480	306	18	56	516	168	624	2.16e-20	89.4
CDH17_23_787	PCDHB3_27_690	21.717	594	390	24	82	637	82	638	2.19e-13	66.6
CDH17_23_787	PCDHB3_27_690	26.506	249	145	10	414	645	94	321	2.67e-11	60.1
CDH17_23_787	PCDHB3_27_690	24.401	459	297	21	246	685	37	464	4.59e-11	59.3
CDH17_23_787	PCDHB3_27_690	34.862	109	63	2	38	146	365	465	1.01e-10	58.2
CDH17_23_787	PCDHB3_27_690	27.027	148	92	5	54	195	485	622	0.003	34.3
CDH17_23_787	PCDHB2_31_692	27.536	483	302	20	56	516	166	622	9.70e-22	93.6
CDH17_23_787	PCDHB2_31_692	24.544	493	330	19	270	743	166	635	1.99e-20	89.4
CDH17_23_787	PCDHB2_31_692	22.959	588	390	22	82	637	80	636	6.02e-18	81.3
CDH17_23_787	PCDHB2_31_692	23.659	410	261	18	266	653	52	431	1.08e-17	80.5
CDH17_23_787	PCDHB2_31_692	24.161	149	95	4	54	195	483	620	0.014	32.0
CDH17_23_787	PCDHB2_31_692	27.273	198	120	10	553	734	7	196	3.9	23.9
CDH17_23_787	PCDHB9_27_690	27.105	487	309	19	53	516	161	624	2.99e-21	92.0
CDH17_23_787	PCDHB9_27_690	23.494	498	339	15	267	743	161	637	6.59e-19	84.3
CDH17_23_787	PCDHB9_27_690	23.205	599	375	22	82	637	82	638	3.26e-17	79.0
CDH17_23_787	PCDHB9_27_690	33.028	109	65	2	38	146	365	465	2.31e-11	60.1
CDH17_23_787	PCDHB9_27_690	31.667	60	34	2	553	606	9	67	5.5	23.5
CDH17_23_787	PCDH18_28_699	25.714	455	296	14	60	487	175	614	9.39e-21	90.5
CDH17_23_787	PCDH18_28_699	27.056	462	275	21	302	730	94	526	9.72e-21	90.5
CDH17_23_787	PCDH18_28_699	25.092	546	339	24	10	512	1	519	3.65e-14	69.3
CDH17_23_787	PCDH18_28_699	33.133	166	103	4	51	215	385	543	1.76e-13	67.0
CDH17_23_787	PCDHB10_27_692	26.884	491	305	19	53	516	161	624	1.02e-20	90.1
CDH17_23_787	PCDHB10_27_692	23.327	493	336	15	267	738	161	632	9.03e-19	84.0
CDH17_23_787	PCDHB10_27_692	24.407	590	379	23	82	637	82	638	3.93e-18	82.0
CDH17_23_787	PCDHB10_27_692	22.436	468	293	20	243	685	42	464	5.95e-11	58.9
CDH17_23_787	PCDHB10_27_692	29.496	139	87	3	8	146	338	465	7.70e-11	58.5
CDH17_23_787	PCDHB10_27_692	31.667	60	34	2	553	606	9	67	5.8	23.5
CDH17_23_787	PCDHAC1_19_683	25.397	441	283	16	56	472	167	585	3.59e-20	88.6
CDH17_23_787	PCDHAC1_19_683	27.845	413	256	17	262	655	48	437	4.02e-20	88.6
CDH17_23_787	PCDHAC1_19_683	23.752	501	335	17	269	746	166	642	2.21e-11	60.5
CDH17_23_787	PCDHAC1_19_683	24.270	445	284	17	82	500	81	498	2.59e-09	53.5
CDH17_23_787	PCDHAC1_19_683	29.104	134	82	4	38	168	367	490	1.80e-07	47.8
CDH17_23_787	PCDHB14_27_686	23.904	502	318	15	269	740	167	634	4.77e-20	88.2
CDH17_23_787	PCDHB14_27_686	25.355	493	300	17	56	516	168	624	6.43e-18	81.3
CDH17_23_787	PCDHB14_27_686	23.272	593	382	23	82	637	82	638	6.20e-17	78.2
CDH17_23_787	PCDHB14_27_686	27.027	370	234	15	297	653	87	433	7.37e-14	68.2
CDH17_23_787	PCDHB14_27_686	24.375	320	199	16	430	728	2	299	5.25e-04	36.6
CDH17_23_787	PCDHB14_27_686	27.027	148	92	5	54	195	485	622	0.002	34.3
CDH17_23_787	PCDH12_25_718	25.135	557	353	22	47	574	53	574	1.18e-19	87.0
CDH17_23_787	PCDH12_25_718	24.427	393	269	13	266	647	168	543	3.86e-17	79.0
CDH17_23_787	PCDH12_25_718	23.843	432	284	13	325	734	10	418	4.67e-17	78.6
CDH17_23_787	PCDH12_25_718	22.485	338	218	13	12	322	225	545	3.08e-06	43.5
CDH17_23_787	PCDH12_25_718	22.414	174	96	4	54	195	491	657	0.20	28.1
CDH17_23_787	CDHR1_20_700	26.233	446	265	18	48	456	162	580	1.51e-19	86.7
CDH17_23_787	CDHR1_20_700	25.118	422	258	17	261	647	161	559	3.08e-14	69.7
CDH17_23_787	CDHR1_20_700	23.810	609	355	31	90	640	102	659	3.86e-13	65.9
CDH17_23_787	CDHR1_20_700	27.536	207	125	11	36	232	488	679	4.99e-07	46.2
CDH17_23_787	CDHR1_20_700	25.460	326	199	17	435	742	23	322	2.74e-06	43.9
CDH17_23_787	CDHR1_20_700	22.646	393	246	19	303	662	101	468	9.06e-06	42.4
CDH17_23_787	PCDH8_30_749	23.529	595	344	20	218	732	108	671	1.91e-19	86.3
CDH17_23_787	PCDH8_30_749	24.040	495	288	18	302	732	90	560	1.21e-16	77.4
CDH17_23_787	PCDH8_30_749	21.972	710	441	29	10	635	1	681	6.13e-13	65.5
CDH17_23_787	PCDH8_30_749	23.647	351	226	15	329	662	9	334	3.41e-12	63.2
CDH17_23_787	PCDH8_30_749	26.855	283	182	11	55	320	419	693	5.01e-10	55.8
CDH17_23_787	PCDH8_30_749	27.326	172	108	6	54	220	530	689	1.60e-06	44.7
CDH17_23_787	PCDH20_61_890	24.230	487	329	18	270	742	212	672	2.22e-18	83.2
CDH17_23_787	PCDH20_61_890	24.444	585	357	23	51	597	207	744	2.56e-18	82.8
CDH17_23_787	PCDH20_61_890	22.831	438	275	15	324	736	378	777	2.20e-12	63.5
CDH17_23_787	PCDH20_61_890	31.515	165	98	7	36	195	614	768	5.19e-08	49.7
CDH17_23_787	PCDH20_61_890	21.398	472	303	20	302	741	133	568	9.13e-07	45.4
CDH17_23_787	PCDH20_61_890	25.984	127	83	5	528	643	132	258	0.002	34.3
CDH17_23_787	PCDH20_61_890	30.508	59	40	1	88	146	133	190	0.85	26.2
CDH17_23_787	CDHR5_26_669	21.311	366	208	15	261	580	43	374	1.49e-04	38.1
CDH17_23_787	CDHR5_26_669	23.810	63	46	1	56	118	53	113	2.6	24.3
CDH17_23_787	CLSTN1_29_859	26.050	119	73	4	366	473	66	180	0.003	34.3
CDH17_23_787	CLSTN1_29_859	24.342	152	91	8	53	195	79	215	0.004	33.9
CDH17_23_787	CLSTN1_29_859	25.694	144	92	5	267	404	79	213	0.34	27.3
# BLAST processed 1 queries
