PCDH9_24_814	CDH17_23_787	0.184	643	518	0	103	738	88	730	2.994E-29	112
CDH1_155_709	CDH17_23_787	0.263	536	392	0	2	537	217	749	9.381E-57	195
PCDHA1_30_697	CDH17_23_787	0.210	475	374	0	51	524	266	740	5.020E-30	114
PCDH18_28_699	CDH17_23_787	0.201	473	372	0	54	526	265	730	1.859E-26	102
CDH6_54_615	CDH17_23_787	0.258	513	371	0	48	560	262	762	1.147E-51	180
CDH16_19_786	CDH17_23_787	0.300	719	502	0	47	764	44	762	5.542E-100	323
PCDHA2_23_697	CDH17_23_787	0.208	475	375	0	58	531	266	740	3.739E-29	111
PCDHA12_30_697	CDH17_23_787	0.183	592	478	0	51	642	52	637	1.835E-26	102
CDH15_61_606	CDH17_23_787	0.264	529	387	0	2	528	222	750	3.711E-56	193
PCDHA13_30_697	CDH17_23_787	0.188	592	475	0	51	642	52	637	8.529E-29	110
PCDH11Y_29_844	CDH17_23_787	0.191	573	456	0	205	769	56	628	9.807E-29	110
PCDHA11_30_696	CDH17_23_787	0.192	607	484	0	35	641	38	637	2.206E-31	118
CDH12_55_609	CDH17_23_787	0.261	491	357	0	48	538	262	745	2.112E-50	176
PCDHA4_30_697	CDH17_23_787	0.212	475	373	0	51	524	266	740	1.615E-30	115
CDH2_160_724	CDH17_23_787	0.300	549	373	0	2	550	217	750	3.439E-75	248
PCDHA5_29_696	CDH17_23_787	0.189	602	483	0	41	642	42	637	8.849E-30	113
CDH17_23_787	CDH17_23_787	0.977	765	18	0	1	765	1	765	0.000E+00	1577
PCDHA7_30_697	CDH17_23_787	0.204	475	377	0	51	524	266	740	6.180E-28	107
CDH5_48_599	CDH17_23_787	0.241	525	398	0	9	533	223	747	2.966E-46	164
DSC3_136_690	CDH17_23_787	0.294	549	382	0	3	551	219	760	2.360E-72	240
PCDHB16_29_690	CDH17_23_787	0.197	472	375	0	165	632	269	740	4.014E-25	98
PCDHB5_31_689	CDH17_23_787	0.196	472	375	0	163	629	269	740	9.268E-25	97
CDHR5_26_669	CDH17_23_787	0.158	332	269	0	43	374	261	580	5.299E-07	39
PCDH11X_24_812	CDH17_23_787	0.195	573	454	0	178	742	56	628	2.358E-30	115
PCDHB15_27_690	CDH17_23_787	0.214	425	332	0	168	591	56	480	1.424E-27	106
CDH20_60_619	CDH17_23_787	0.276	487	348	0	52	538	265	745	4.770E-56	193
PCDHA6_30_697	CDH17_23_787	0.211	475	373	0	51	524	266	740	2.847E-30	115
CDH22_36_624	CDH17_23_787	0.245	493	365	0	75	567	262	745	2.174E-44	158
PCDHB12_27_690	CDH17_23_787	0.207	461	362	0	168	624	56	516	6.096E-28	107
DSC1_135_691	CDH17_23_787	0.266	531	386	0	3	533	219	745	2.084E-57	197
CDHR2_21_1154	CDH17_23_787	0.183	639	493	0	150	788	41	645	1.290E-28	111
DSG3_50_615	CDH17_23_787	0.237	539	403	0	2	540	217	745	4.791E-46	163
PCDH10_19_715	CDH17_23_787	0.208	499	381	0	35	533	249	730	7.666E-31	117
PCDHB14_27_686	CDH17_23_787	0.193	482	387	0	155	634	259	740	1.634E-24	96
CDH23_24_3064	CDH17_23_787	0.217	680	529	0	817	1493	62	741	5.442E-47	172
CLSTN1_29_859	CDH17_23_787	0.217	134	104	0	66	199	366	499	2.885E-06	37
PCDHA8_30_697	CDH17_23_787	0.209	475	374	0	51	524	266	740	1.560E-29	112
CDH3_108_654	CDH17_23_787	0.258	528	388	0	6	533	222	745	1.277E-53	186
PCDHA9_30_697	CDH17_23_787	0.208	475	375	0	51	524	266	740	3.648E-29	111
CDH4_170_734	CDH17_23_787	0.296	549	375	0	2	550	217	750	2.281E-73	243
CDH9_54_615	CDH17_23_787	0.248	491	363	0	48	538	262	745	1.110E-45	162
CDH8_62_621	CDH17_23_787	0.257	550	401	0	9	558	225	765	6.483E-56	193
FAT1_22_4181	CDH17_23_787	0.233	728	550	0	2681	3398	4	731	1.356E-59	212
PCDHB1_29_691	CDH17_23_787	0.213	473	368	0	54	522	268	740	1.193E-30	116
CDH7_28_607	CDH17_23_787	0.257	491	359	0	68	558	262	745	6.065E-49	172
DCHS1_43_2940	CDH17_23_787	0.190	785	570	0	1538	2322	36	740	1.228E-39	148
PCDHB10_27_692	CDH17_23_787	0.197	464	372	0	161	624	53	516	1.664E-24	96
CDHR1_20_700	CDH17_23_787	0.194	504	401	0	162	665	48	546	4.457E-26	101
DSG2_50_609	CDH17_23_787	0.238	507	381	0	53	559	260	760	3.004E-43	154
PCDH1_58_852	CDH17_23_787	0.188	715	572	0	33	747	29	734	3.921E-35	131
PCDHB13_29_690	CDH17_23_787	0.199	461	364	0	167	622	56	516	4.014E-25	98
CELSR2_32_2380	CDH17_23_787	0.218	682	518	0	303	966	42	723	5.318E-48	175
PCDH8_30_749	CDH17_23_787	0.172	564	426	0	108	671	218	732	2.049E-20	83
CELSR1_22_2469	CDH17_23_787	0.213	748	581	0	220	967	3	741	3.261E-50	182
PCDH12_25_718	CDH17_23_787	0.187	528	424	0	53	574	47	574	7.755E-25	97
PCDHB2_31_692	CDH17_23_787	0.204	425	337	0	166	589	56	480	1.644E-24	96
PCDH15_27_1376	CDH17_23_787	0.193	699	487	0	424	1122	46	649	2.687E-36	136
PCDHB3_27_690	CDH17_23_787	0.198	472	375	0	167	634	269	740	1.733E-25	99
PCDH17_18_707	CDH17_23_787	0.223	445	330	0	178	622	56	481	7.742E-32	120
PCDHB4_28_689	CDH17_23_787	0.206	461	362	0	166	622	56	516	1.414E-27	106
PCDHA3_30_697	CDH17_23_787	0.211	475	373	0	51	524	266	740	2.144E-30	115
CDH18_54_608	CDH17_23_787	0.280	487	346	0	52	538	265	745	2.735E-57	197
PCDHAC2_43_708	CDH17_23_787	0.204	504	396	0	167	664	56	559	8.784E-30	113
PCDHAC1_19_683	CDH17_23_787	0.211	414	322	0	48	456	262	675	5.622E-26	101
PCDHB11_27_690	CDH17_23_787	0.205	461	363	0	168	624	56	516	4.411E-27	104
CELSR3_33_2540	CDH17_23_787	0.231	672	501	0	459	1111	52	723	1.073E-53	193
CDH10_55_613	CDH17_23_787	0.277	488	349	0	48	535	262	745	2.536E-56	194
PCDHA10_29_695	CDH17_23_787	0.188	592	475	0	51	642	52	637	1.128E-28	109
ROBO1_26_897	CDH17_23_787	0.152	310	252	0	49	358	222	519	8.571E-05	33
CDH11_54_617	CDH17_23_787	0.257	534	386	0	9	542	225	745	6.800E-54	187
FAT2_19_4048	CDH17_23_787	0.215	717	540	0	2813	3501	24	740	1.405E-48	177
PCDH19_22_678	CDH17_23_787	0.225	447	338	0	144	590	37	473	5.246E-33	123
PCDHB7_27_688	CDH17_23_787	0.210	461	360	0	168	624	56	516	4.738E-29	111
PCDH20_61_890	CDH17_23_787	0.185	547	438	0	207	744	51	597	6.121E-25	98
PCDHB8_30_691	CDH17_23_787	0.201	461	364	0	166	622	56	516	9.792E-26	100
PCDH7_29_879	CDH17_23_787	0.192	585	472	0	227	811	51	635	1.481E-29	113
PCDHB9_27_690	CDH17_23_787	0.196	464	372	0	161	624	53	516	2.193E-24	96
