FAT2_19_4048	CDH17_23_787	177	0.134	1.405E-48	-1	3500	4030	-1	739	765
PCDH19_22_678	CDH17_23_787	123	0.198	5.246E-33	-1	589	657	-1	472	765
PCDHB7_27_688	CDH17_23_787	111	0.185	4.738E-29	-1	623	662	-1	515	765
PCDH20_61_890	CDH17_23_787	98	0.166	6.121E-25	-1	743	830	-1	596	765
PCDHB8_30_691	CDH17_23_787	100	0.178	9.792E-26	-1	621	662	-1	515	765
PCDH7_29_879	CDH17_23_787	113	0.170	1.481E-29	-1	810	851	-1	634	765
PCDHB9_27_690	CDH17_23_787	96	0.175	2.193E-24	-1	623	664	-1	515	765
CELSR3_33_2540	CDH17_23_787	193	0.185	1.073E-53	-1	1110	2508	-1	722	765
PCDH9_24_814	CDH17_23_787	112	0.175	2.994E-29	-1	737	791	-1	729	765
CDH1_155_709	CDH17_23_787	195	0.221	9.381E-57	-1	536	555	-1	748	765
PCDHA1_30_697	CDH17_23_787	114	0.176	5.020E-30	-1	523	668	-1	739	765
CDH10_55_613	CDH17_23_787	194	0.220	2.536E-56	-1	534	559	-1	744	765
PCDHA10_29_695	CDH17_23_787	109	0.182	1.128E-28	-1	641	667	-1	636	765
ROBO1_26_897	CDH17_23_787	33	0.136	8.571E-05	-1	357	872	-1	518	765
CDH11_54_617	CDH17_23_787	187	0.216	6.800E-54	-1	541	564	-1	744	765
PCDHA13_30_697	CDH17_23_787	110	0.183	8.529E-29	-1	641	668	-1	636	765
PCDHB10_27_692	CDH17_23_787	96	0.175	1.664E-24	-1	623	666	-1	515	765
CDHR1_20_700	CDH17_23_787	101	0.175	4.457E-26	-1	664	681	-1	545	765
PCDHAC2_43_708	CDH17_23_787	113	0.182	8.784E-30	-1	663	666	-1	558	765
PCDHAC1_19_683	CDH17_23_787	101	0.174	5.622E-26	-1	455	665	-1	674	765
DSC3_136_690	CDH17_23_787	240	0.244	2.360E-72	-1	550	555	-1	759	765
PCDH11Y_29_844	CDH17_23_787	110	0.171	9.807E-29	-1	768	816	-1	627	765
PCDHA11_30_696	CDH17_23_787	118	0.188	2.206E-31	-1	640	667	-1	636	765
CDH12_55_609	CDH17_23_787	176	0.210	2.112E-50	-1	537	555	-1	744	765
PCDHA12_30_697	CDH17_23_787	102	0.178	1.835E-26	-1	641	668	-1	636	765
CDH15_61_606	CDH17_23_787	193	0.219	3.711E-56	-1	527	546	-1	749	765
DSG2_50_609	CDH17_23_787	154	0.197	3.004E-43	-1	558	560	-1	759	765
PCDH1_58_852	CDH17_23_787	131	0.185	3.921E-35	-1	746	795	-1	733	765
PCDHB13_29_690	CDH17_23_787	98	0.177	4.014E-25	-1	621	662	-1	515	765
CDH16_19_786	CDH17_23_787	323	0.289	5.542E-100	-1	763	768	-1	761	765
PCDHA2_23_697	CDH17_23_787	111	0.174	3.739E-29	-1	530	675	-1	739	765
CDH17_23_787	CDH17_23_787	1577	0.977	0.000E+00	-1	764	765	-1	764	765
PCDHA7_30_697	CDH17_23_787	107	0.172	6.180E-28	-1	523	668	-1	739	765
CDH5_48_599	CDH17_23_787	164	0.203	2.966E-46	-1	532	552	-1	746	765
CDH9_54_615	CDH17_23_787	162	0.202	1.110E-45	-1	537	562	-1	744	765
PCDHB16_29_690	CDH17_23_787	98	0.167	4.014E-25	-1	631	662	-1	739	765
PCDHB5_31_689	CDH17_23_787	97	0.166	9.268E-25	-1	628	659	-1	739	765
PCDHA3_30_697	CDH17_23_787	115	0.176	2.144E-30	-1	523	668	-1	739	765
CDH18_54_608	CDH17_23_787	197	0.222	2.735E-57	-1	537	555	-1	744	765
PCDH18_28_699	CDH17_23_787	102	0.170	1.859E-26	-1	525	672	-1	729	765
CDH6_54_615	CDH17_23_787	180	0.210	1.147E-51	-1	559	562	-1	761	765
CDHR2_21_1154	CDH17_23_787	111	0.170	1.290E-28	-1	787	1134	-1	644	765
DSG3_50_615	CDH17_23_787	163	0.203	4.791E-46	-1	539	566	-1	744	765
PCDH10_19_715	CDH17_23_787	117	0.178	7.666E-31	-1	532	697	-1	729	765
PCDHB14_27_686	CDH17_23_787	96	0.166	1.634E-24	-1	633	660	-1	739	765
PCDHA4_30_697	CDH17_23_787	115	0.177	1.615E-30	-1	523	668	-1	739	765
CDH2_160_724	CDH17_23_787	248	0.250	3.439E-75	-1	549	565	-1	749	765
PCDHA5_29_696	CDH17_23_787	113	0.185	8.849E-30	-1	641	668	-1	636	765
CDH20_60_619	CDH17_23_787	193	0.220	4.770E-56	-1	537	560	-1	744	765
PCDHA6_30_697	CDH17_23_787	115	0.176	2.847E-30	-1	523	668	-1	739	765
CDH22_36_624	CDH17_23_787	158	0.200	2.174E-44	-1	566	589	-1	744	765
PCDHB12_27_690	CDH17_23_787	107	0.183	6.096E-28	-1	623	664	-1	515	765
DSC1_135_691	CDH17_23_787	197	0.222	2.084E-57	-1	532	557	-1	744	765
CDHR5_26_669	CDH17_23_787	39	0.139	5.299E-07	-1	373	644	-1	579	765
PCDH11X_24_812	CDH17_23_787	115	0.176	2.358E-30	-1	741	789	-1	627	765
PCDHB15_27_690	CDH17_23_787	106	0.186	1.424E-27	-1	590	664	-1	479	765
CDH23_24_3064	CDH17_23_787	172	0.161	5.442E-47	-1	1492	3041	-1	740	765
CLSTN1_29_859	CDH17_23_787	37	0.141	2.885E-06	-1	198	831	-1	498	765
PCDHA8_30_697	CDH17_23_787	112	0.175	1.560E-29	-1	523	668	-1	739	765
CDH3_108_654	CDH17_23_787	186	0.216	1.277E-53	-1	532	547	-1	744	765
PCDHA9_30_697	CDH17_23_787	111	0.174	3.648E-29	-1	523	668	-1	739	765
CDH4_170_734	CDH17_23_787	243	0.247	2.281E-73	-1	549	565	-1	749	765
PCDHB11_27_690	CDH17_23_787	104	0.181	4.411E-27	-1	623	664	-1	515	765
CDH8_62_621	CDH17_23_787	193	0.217	6.483E-56	-1	557	560	-1	764	765
FAT1_22_4181	CDH17_23_787	212	0.139	1.356E-59	-1	3397	4160	-1	730	765
PCDHB1_29_691	CDH17_23_787	116	0.177	1.193E-30	-1	521	663	-1	739	765
CDH7_28_607	CDH17_23_787	172	0.208	6.065E-49	-1	557	580	-1	744	765
DCHS1_43_2940	CDH17_23_787	148	0.140	1.228E-39	-1	2321	2898	-1	739	765
CELSR1_22_2469	CDH17_23_787	182	0.191	3.261E-50	-1	966	2448	-1	740	765
PCDH12_25_718	CDH17_23_787	97	0.182	7.755E-25	-1	573	694	-1	573	765
PCDHB2_31_692	CDH17_23_787	96	0.179	1.644E-24	-1	588	662	-1	479	765
PCDH15_27_1376	CDH17_23_787	136	0.163	2.687E-36	-1	1121	1350	-1	648	765
PCDHB3_27_690	CDH17_23_787	99	0.167	1.733E-25	-1	633	664	-1	739	765
PCDH17_18_707	CDH17_23_787	120	0.191	7.742E-32	-1	621	690	-1	480	765
PCDHB4_28_689	CDH17_23_787	106	0.182	1.414E-27	-1	621	662	-1	515	765
CELSR2_32_2380	CDH17_23_787	175	0.188	5.318E-48	-1	965	2349	-1	722	765
PCDH8_30_749	CDH17_23_787	83	0.159	2.049E-20	-1	670	720	-1	731	765
